Llanquihue      (dx=  400m),   imx =  104,jmx =  103,ncols = 104
HV       V   V   V   V   V   V   V   V   V   V   V   V   V   V   V   V   V   V   V   V   V   V   V   V   V   V   V   V   V   V   V   V   V   V   V   V   V   V   V   V   V   V   V   V   V   V   V   V   V   V   V   V   V   V   V   V   V   V   V   V   V   V   V   V   V   V   V   V   V   V   V   V   V   V   V   V   V   V   V   V   V   V   V   V   V   V   V   V   V   V   V   V   V   V   V   V   V   V   V   V   V   V   V   V
         2    3    4    5    6    7    8    9   10   11   12   13   14   15   16   17   18   19   20   21   22   23   24   25   26   27   28   29   30   31   32   33   34   35   36   37   38   39   40   41   42   43   44   45   46   47   48   49   50   51   52   53   54   55   56   57   58   59   60   61   62   63   64   65   66   67   68   69   70   71   72   73   74   75   76   77   78   79   80   81   82   83   84   85   86   87   88   89   90   91   92   93   94   95   96   97   98   99  100  101  102  103  104  105
  104  -99  -99  -99  -99  -99  -99  -99  -99  -99  -99  -99  -99  -99  -99  -99  -99  -99  -99  -99  -99  -99  -99  -99  -99  -99  -99  -99  -99  -99  -99  -99  -99  -99  -99  -99  -99  -99  -99  -99    2  -99  -99  -99  -99  -99  -99  -99  -99  -99  -99  -99  -99  -99  -99  -99  -99  -99  -99  -99  -99  -99  -99  -99  -99  -99  -99  -99  -99  -99  -99  -99  -99  -99  -99  -99  -99  -99  -99  -99  -99  -99  -99  -99  -99  -99  -99  -99  -99  -99  -99  -99  -99  -99  -99  -99  -99  -99  -99  -99  -99  -99  -99  -99  -99 
  103  -99  -99  -99  -99  -99  -99  -99  -99  -99  -99  -99  -99  -99  -99  -99  -99  -99  -99  -99  -99  -99  -99  -99  -99  -99  -99  -99  -99  -99  -99  -99  -99  -99  -99  -99  -99   18   76   18   85  133  119   94  109   83   45   24  -99  -99  -99  -99  -99  -99  -99  -99  -99  -99  -99  -99  -99  -99  -99  -99  -99  -99  -99  -99  -99  -99  -99  -99  -99  -99  -99  -99  -99  -99  -99  -99  -99  -99  -99  -99  -99  -99  -99  -99  -99  -99  -99  -99  -99  -99  -99  -99  -99  -99  -99  -99  -99  -99  -99  -99  -99 
  102  -99  -99  -99  -99  -99  -99  -99  -99  -99  -99  -99  -99  -99  -99  -99  -99  -99  -99  -99  -99  -99  -99  -99  -99  -99  -99  -99  -99  -99  -99  -99  -99  -99  -99  -99   30  140  291  271  302  314  423  339  269  207  195  121   40  -99  -99  -99  -99  -99  -99  -99  -99  -99  -99  -99  -99  -99  -99  -99  -99  -99  -99  -99  -99  -99  -99  -99  -99  -99  -99  -99  -99  -99  -99  -99  -99  -99  -99  -99  -99  -99  -99  -99  -99  -99  -99  -99  -99  -99  -99  -99  -99  -99  -99  -99  -99  -99  -99  -99  -99 
  101  -99  -99  -99  -99  -99  -99  -99  -99  -99  -99  -99  -99  -99  -99  -99  -99  -99  -99  -99  -99  -99  -99  -99  -99  -99  -99  -99  -99  -99  -99  -99  -99  -99  -99  -99   91  231  371  438  459  444  425  402  323  236  166  102   30  -99  -99  -99  -99  -99  -99  -99  -99  -99  -99  -99  -99  -99  -99  -99  -99  -99  -99  -99  -99  -99  -99  -99  -99  -99  -99  -99  -99  -99  -99  -99  -99  -99  -99  -99  -99  -99  -99  -99  -99  -99  -99  -99  -99  -99  -99  -99  -99  -99  -99  -99  -99  -99  -99  -99  -99 
  100  -99  -99  -99  -99  -99  -99  -99  -99  -99  -99  -99  -99  -99  -99  -99  -99  -99  -99  -99  -99  -99  -99  -99  -99  -99  -99  -99  -99  -99  -99  -99  -99  -99  -99  -99  162  335  452  511  566  527  491  452  361  259  154   85   46   13  -99  -99  -99  -99  -99  -99  -99  -99  -99  -99  -99  -99  -99  -99  -99  -99  -99  -99  -99  -99  -99  -99  -99  -99  -99  -99  -99  -99  -99  -99  -99  -99  -99  -99  -99  -99  -99  -99  -99  -99  -99  -99  -99  -99  -99  -99  -99  -99  -99  -99  -99  -99  -99  -99  -99 
   99  -99  -99  -99  -99  -99  -99  -99  -99  -99  -99  -99  -99  -99  -99  -99  -99  -99  -99  -99  -99  -99  -99  -99  -99  -99  -99  -99  -99  -99  -99  -99  -99  -99  -99  -99    3  331  503  568  628  576  514  478  411  301  200  115   73   65  -99  -99  -99  -99  -99  -99  -99  -99  -99  -99  -99  -99  -99  -99  -99  -99  -99  -99  -99  -99  -99  -99  -99  -99  -99  -99  -99  -99  -99  -99  -99  -99  -99  -99  -99  -99  -99  -99  -99  -99  -99  -99  -99  -99  -99  -99  -99  -99  -99  -99  -99  -99  -99  -99  -99 
   98  -99  -99  -99  -99  -99  -99  -99  -99  -99  -99  -99  -99  -99  -99  -99  -99  -99  -99  -99  -99  -99  -99  -99  -99  -99  -99  -99  -99  -99  -99  -99  -99  -99   18    7   45  204  519  603  660  604  544  500  469  371  238  162  118  193  -99  -99  -99  -99  -99  -99  -99  -99  -99  -99  -99  -99  -99  -99  -99  -99  -99  -99  -99  -99  -99  -99  -99  -99  -99  -99  -99  -99  -99  -99  -99  -99  -99  -99  -99  -99  -99  -99  -99  -99  -99  -99  -99  -99  -99  -99  -99  -99  -99  -99  -99  -99  -99  -99  -99 
   97  -99  -99  -99  -99  -99  -99  -99  -99  -99  -99  -99  -99  -99  -99  -99  -99  -99  -99  -99  -99  -99  -99  -99  -99  -99  -99  -99  -99  -99  -99  -99  -99  -99    2   37   86  288  504  577  697  655  588  532  501  471  248  166  153  202   21  -99  -99  -99  -99  -99  -99  -99  -99  -99  -99  -99  -99  -99  -99  -99  -99  -99  -99  -99  -99  -99  -99  -99  -99  -99  -99  -99  -99  -99  -99  -99  -99  -99  -99  -99  -99  -99  -99  -99  -99  -99  -99  -99  -99  -99  -99  -99  -99  -99  -99  -99  -99  -99  -99 
   96  -99  -99  -99  -99  -99  -99  -99  -99  -99  -99  -99  -99  -99  -99  -99  -99  -99  -99  -99  -99  -99  -99  -99  -99  -99  -99  -99  -99  -99  -99  -99  -99  -99  -99   23   45   62   30   43  412  766  722  616  532  504  309  190  135   99   10  -99  -99  -99  -99  -99  -99  -99  -99  -99  -99  -99  -99  -99  -99  -99  -99  -99  -99  -99  -99  -99  -99  -99  -99  -99  -99  -99  -99  -99  -99  -99  -99  -99  -99  -99  -99  -99  -99  -99  -99  -99  -99  -99  -99  -99  -99  -99  -99  -99  -99  -99  -99  -99  -99 
   95  -99  -99  -99  -99  -99  -99  -99  -99  -99  -99  -99  -99  -99  -99  -99  -99  -99  -99  -99  -99  -99  -99  -99  -99  -99  -99  -99  -99  -99  -99  -99  -99  -99  -99    3   28   17  -99   38  477  781  829  706  604  509  386  265  135   74    8  -99  -99  -99  -99  -99  -99  -99  -99  -99  -99  -99  -99  -99  -99  -99  -99  -99  -99  -99  -99  -99  -99  -99  -99  -99  -99  -99  -99  -99  -99  -99  -99  -99  -99  -99  -99  -99  -99  -99  -99  -99  -99  -99  -99  -99  -99  -99  -99  -99  -99  -99  -99  -99  -99 
   94  -99  -99  -99  -99  -99  -99  -99  -99  -99  -99  -99  -99  -99  -99  -99  -99  -99  -99  -99  -99  -99  -99  -99  -99  -99  -99  -99  -99  -99  -99  -99  -99  -99  -99  -99  -99   65  123  319  704  889  848  766  663  546  443  320  156   79    5  -99  -99  -99  -99  -99  -99  -99  -99  -99  -99  -99  -99  -99  -99  -99  -99  -99  -99  -99  -99  -99  -99  -99  -99  -99  -99  -99  -99  -99  -99  -99  -99  -99  -99  -99  -99  -99  -99  -99  -99  -99  -99  -99  -99  -99  -99  -99  -99  -99  -99  -99  -99  -99  -99 
   93  -99  -99  -99  -99  -99  -99  -99  -99  -99  -99  -99  -99  -99  -99  -99  -99  -99  -99  -99  -99  -99  -99  -99  -99  -99  -99   12   28  -99  -99  -99  -99  -99  -99  -99   67  207  377  613  824  940  898  820  696  581  490  400  250   93  -99  -99  -99  -99  -99  -99  -99  -99  -99  -99  -99  -99  -99  -99  -99  -99  -99  -99  -99  -99  -99  -99  -99  -99  -99  -99  -99  -99  -99  -99  -99  -99  -99  -99  -99  -99  -99  -99  -99  -99  -99  -99  -99  -99  -99  -99  -99  -99  -99  -99  -99  -99  -99  -99  -99 
   92  -99  -99  -99  -99  -99  -99  -99  -99  -99  -99  -99  -99  -99  -99  -99  -99  -99  -99  -99  -99  -99  -99  -99  -99  -99  -99   36   44   34  -99  -99  -99  -99  -99  203  294  515  580  795  981 1024 1018  863  722  675  609  503  406  222   17  -99  -99  -99  -99  -99  -99  -99    2  -99  -99  -99  -99  -99  -99  -99  -99  -99  -99  -99  -99  -99  -99  -99  -99  -99  -99  -99  -99  -99  -99  -99  -99  -99  -99  -99  -99  -99  -99  -99  -99  -99  -99  -99  -99  -99  -99  -99  -99  -99  -99  -99  -99  -99  -99 
   91  -99  -99  -99  -99  -99  -99  -99  -99  -99  -99  -99  -99  -99  -99  -99  -99  -99  -99  -99  -99  -99  -99  -99  -99  -99   54  167  278  301  285  122  -99  -99  -99  327  519  655  818  968 1012 1056 1099  983  851  788  727  656  577  495  314   34  -99    8    4  -99  -99   15    5  -99  -99  -99  -99  -99  -99  -99  -99  -99  -99  -99  -99  -99  -99  -99  -99  -99  -99  -99  -99  -99  -99  -99  -99  -99  -99  -99  -99  -99  -99  -99  -99  -99  -99  -99  -99  -99  -99  -99  -99  -99  -99  -99  -99  -99  -99 
   90  -99  -99  -99  -99  -99  -99  -99  -99  -99  -99  -99  -99  -99  -99  -99  -99  -99  -99  -99  -99  -99  -99  -99  -99   33  162  351  471  490  475  290  105  -99   93  548  666  791  916 1026 1102 1146 1154 1111 1004  924  860  851  785  706  531  383  266  239  271  331  320  223   62  -99  -99  -99  -99  -99    2   35   19  -99  -99  -99  -99  -99  -99  -99  -99  -99  -99  -99  -99  -99  -99  -99  -99  -99  -99  -99  -99  -99  -99  -99  -99  -99  -99  -99  -99  -99  -99  -99  -99  -99  -99  -99  -99  -99  -99 
   89  -99  -99  -99  -99  -99  -99  -99  -99  -99  -99  -99  -99  -99  -99  -99  -99  -99  -99  -99  -99  -99  -99  -99  -99  -99  111  386  521  574  510  465  400  278  548  653  762  902 1015 1097 1169 1233 1253 1261 1174 1070  934 1016 1133 1045  886  786  735  682  691  692  673  490  218   17  -99  -99  -99  -99  -99  154  195   73  -99  -99  -99  -99  -99  -99  -99  -99  -99  -99  -99  -99  -99  -99  -99  -99  -99  -99  -99  -99  -99  -99  -99  -99  -99  -99  -99  -99  -99  -99  -99  -99  -99  -99  -99  -99  -99 
   88  -99  -99  -99  -99  -99  -99  -99  -99  -99  -99  -99  -99  -99  -99  -99  -99  -99  -99  -99  -99  -99  -99  -99  -99  -99    5  239  621  667  573  547  572  582  652  737  885 1014 1096 1179 1254 1326 1406 1516 1591 1549 1433 1453 1567 1411 1232 1157 1102 1052 1030 1031  958  786  540  278   89  -99  -99  -99  155  288  266  150    2  -99  -99  -99  -99  -99  -99  -99  -99  -99  -99  -99  -99  -99  -99  -99  -99  -99  -99  -99  -99  -99  -99  -99  -99  -99  -99  -99  -99  -99  -99  -99  -99  -99  -99  -99  -99 
   87  -99  -99  -99  -99  -99  -99  -99  -99  -99  -99  -99  -99  -99  -99  -99  -99  -99  -99  -99  -99  -99  -99  -99  -99  -99  -99  285  615  700  675  765  810  787  755  914 1066 1174 1212 1260 1338 1411 1485 1604 1733 1871 1923 1920 1837 1707 1529 1450 1422 1377 1322 1225 1120  985  771  509  289   52  -99  155  366  426  375  287   17  -99  -99  -99  -99  -99  170  116    2  -99  -99    9  -99  -99  -99  -99  -99  -99  -99  -99  -99  -99  -99  -99  -99  -99  -99  -99  -99  -99  -99  -99  -99  -99  -99  -99  -99 
   86  -99  -99  -99  -99  -99  -99  -99  -99  -99  -99  -99  -99  -99  -99  -99  -99  -99  -99  -99  -99  -99  -99  -99  -99  -99  -99  197  570  766  892 1009 1088 1072  937 1003 1146 1264 1334 1381 1420 1491 1586 1726 1855 2011 2168 2136 2011 1891 1783 1720 1690 1644 1585 1540 1382 1157  926  716  489  245  132  322  528  553  498  412  144  -99  -99  -99  -99   81  397  387   95  136  185   24  -99  -99  -99  -99  -99  -99  -99  -99  -99  -99  -99  -99  -99  -99  -99  -99  -99  -99  -99  -99  -99  -99  -99  -99  -99 
   85  -99  -99  -99  -99  -99  -99  -99  -99  -99  -99  -99  -99  -99  -99  -99  -99  -99  -99  -99  -99  -99  -99  -99  -99  -99  -99  188  552  774  955 1119 1290 1324 1241 1156 1217 1335 1447 1478 1508 1568 1695 1844 1982 2076 2154 2325 2252 2144 2045 1991 1936 1898 1853 1818 1686 1437 1199  970  721  453  366  584  685  660  591  512  344  157  116  237  329  487  642  629  569  494  338  148   26    3  -99  -99  -99  -99  -99  -99  -99  -99  -99  -99  -99  -99  -99  -99  -99  -99  -99  -99  -99  -99  -99  -99  -99 
   84  -99  -99  -99  -99  -99  -99  -99  -99  -99  -99  -99  -99  -99  -99  -99  -99  -99  -99  -99  -99  -99  -99  -99  -99  -99  -99   22  388  781 1007 1201 1370 1529 1474 1433 1456 1490 1591 1597 1602 1656 1724 1733 1764 1842 1945 2107 2323 2397 2320 2266 2207 2135 2097 2064 1968 1719 1472 1277 1078  864  705  761  800  732  663  577  486  503  481  571  710  797  779  792  744  614  485  311  180   87  -99  -99  -99  -99  -99  -99  -99  -99  -99  -99  -99  -99  -99  -99  -99  -99  -99  -99  -99  -99  -99  -99  -99 
   83  -99  -99  -99  -99  -99  -99  -99  -99  -99  -99  -99  -99  -99  -99  -99  -99  -99  -99  -99  -99  -99  -99  -99  -99  -99  -99  -99   99  581 1019 1283 1444 1606 1743 1775 1803 1809 1757 1759 1768 1646 1555 1529 1539 1609 1743 1889 2105 2324 2543 2480 2413 2323 2264 2230 2129 1992 1743 1548 1371 1193 1062 1008  845  778  707  669  718  764  783  895 1015  957  857  886  895  755  570  412  123  -99  -99  -99  -99  -99  -99  -99  -99  -99  -99  -99  -99  -99  -99  -99  -99  -99  -99  -99  -99  -99  -99  -99  -99 
   82  -99  -99  -99  -99  -99  -99  -99  -99  -99  -99  -99  -99  -99  -99  -99  -99  -99  -99  -99  -99  -99  -99  -99  -99  -99  -99  -99  -99  266  975 1142 1620 1799 1962 2115 2150 2140 2034 1937 1903 1701 1582 1492 1401 1403 1542 1680 1888 2121 2358 2596 2613 2512 2430 2382 2265 2148 2015 1828 1661 1493 1356 1164  962  759  716  804  874  934  983 1010 1134 1278 1397 1158  954  861  543  306  -99  -99  -99  -99  -99  -99  -99  -99  -99  -99  -99  -99  -99  -99  -99  -99  -99  -99  -99  -99  -99  -99  -99  -99  -99 
   81  -99  -99  -99  -99  -99  -99  -99  -99  -99  -99  -99  -99  -99  -99  -99  -99  -99  -99  -99  -99  -99  -99  -99  -99  -99  -99  -99  -99  -99  -99  770 1416 1951 2125 2293 2460 2410 2290 2171 1976 1762 1610 1537 1484 1441 1449 1479 1680 1939 2217 2495 2695 2694 2600 2519 2402 2284 2169 2074 1909 1744 1570 1385 1195  977  801  903 1008 1100 1247 1270 1356 1522 1558 1425 1168  921  444   56  -99  -99  -99  -99  -99  -99  -99  -99  -99  -99  -99  -99  -99  -99  -99  -99  -99  -99  -99  -99  -99  -99  -99  -99  -99 
   80  -99  -99  -99  -99  -99  -99  -99  -99  -99  -99  -99  -99  -99  -99  -99  -99  -99  -99  -99  -99  -99  -99  -99  -99  -99  -99  -99  -99  -99  -99  288 1031 1579 1758 1942 2180 2491 2462 2327 2102 1905 1693 1637 1584 1530 1533 1564 1708 1936 2197 2475 2687 2687 2706 2655 2537 2419 2320 2280 2136 1971 1806 1625 1434 1239 1056 1112 1175 1305 1454 1570 1649 1731 1658 1585 1377  948  424  139  -99  -99  -99  -99  -99  -99  -99  -99  -99  -99  -99  -99  -99  -99  -99  -99  -99  -99  -99  -99  -99  -99  -99  -99  -99 
   79  -99  -99  -99  -99  -99  -99  -99  -99  -99  -99  -99  -99  -99  -99  -99  -99  -99  -99  -99  -99  -99  -99  -99  -99  -99  -99  -99  -99  -99  -99  -99  563 1233 1403 1595 1906 2217 2529 2478 2321 2161 1890 1741 1685 1630 1619 1737 1864 2047 2275 2503 2692 2733 2774 2745 2666 2554 2474 2434 2362 2197 2032 1866 1674 1497 1355 1395 1450 1589 1695 1811 1904 1831 1768 1722 1495  874  197  -99  -99  -99  -99  -99  -99  -99  -99  -99  -99  -99  -99  -99  -99  -99  -99  -99  -99  -99  -99  -99  -99  -99  -99  -99  -99 
   78  -99  -99  -99  -99  -99  -99  -99  -99  -99  -99  -99  -99  -99  -99  -99  -99  -99  -99  -99  -99  -99  -99  -99  -99  -99  -99  -99  -99  -99  -99  -99  358  944 1059 1333 1677 2022 2356 2533 2579 2377 2098 1846 1790 1742 1789 1913 2037 2164 2382 2598 2779 2801 2842 2827 2748 2670 2627 2586 2545 2397 2235 2087 2054 1929 1773 1666 1758 1899 2032 2138 2196 2235 2217 2072 1600  923  -99  -99  -99  -99  -99  -99  -99  -99  -99  -99  -99  -99  -99  -99  -99  -99  -99  -99  -99  -99  -99  -99  -99  -99  -99  -99  -99 
   77  -99  -99  -99  -99  -99  -99  -99  -99  -99  -99  -99  -99  -99  -99  -99  -99  -99  -99  -99  -99  -99  -99  -99  -99  -99  -99  -99  -99  -99  -99    4  412  497  787 1215 1546 1890 2140 2317 2517 2406 2174 1952 1973 1992 2011 2109 2232 2354 2476 2684 2870 2891 2913 2909 2852 2812 2774 2736 2695 2579 2417 2419 2456 2362 2190 2011 2065 2207 2349 2465 2493 2493 2489 2221 1751  875   11  -99  -99  -99  -99  -99  -99  -99  -99  -99  -99  -99  -99  -99  -99  -99  -99  -99  -99  -99  -99  -99  -99  -99  -99  -99  -99 
   76  -99  -99  -99  -99  -99  -99  -99  -99  -99  -99  -99  -99  -99  -99  -99  -99  -99  -99  -99  -99  -99  -99  -99  -99  -99  -99  -99  -99  -99  -99  -99   20   47  690 1154 1431 1747 1946 2174 2374 2142 2014 2175 2257 2256 2263 2304 2427 2549 2670 2791 2960 2982 2991 3000 2997 2958 2920 2882 2844 2761 2715 2752 2789 2790 2625 2463 2356 2499 2619 2645 2607 2591 2515 2260 1770  794  145  -99  -99  -99  -99  -99  -99  -99  -99  -99  -99  -99  -99  -99  -99  -99  -99  -99  -99  -99  -99  -99  -99  -99  -99  -99  -99 
   75  -99  -99  -99  -99  -99  -99  -99  -99  -99  -99  -99  -99  -99  -99  -99  -99  -99  -99  -99  -99  -99  -99  -99  -99  -99  -99  -99  -99  142  155  121   82   75  606 1033 1313 1581 1831 2059 2110 2110 2272 2433 2549 2548 2547 2528 2590 2704 2819 2933 3017 3030 3033 3041 3066 3090 3051 3007 2964 2941 2936 2935 2933 2928 2887 2825 2749 2743 2769 2795 2789 2740 2575 2324 1685 1119  828  145  -99  -99  -99  -99  -99  -99  -99  -99  -99  -99  -99  -99  -99  -99  -99  -99  -99  -99  -99  -99  -99  -99  -99  -99  -99 
   74  -99  -99  -99  -99  -99  -99  -99  -99  -99  -99  -99  -99  -99  -99  -99  -99  -99  -99  -99  -99  -99  -99  -99  -99   65  206  255  397  426  439  388  231  108  568  934 1150 1414 1669 1946 2157 2326 2495 2664 2822 2773 2720 2667 2646 2760 2871 2958 3022 3058 3075 3083 3107 3102 3075 3032 2992 3032 3020 3008 3003 2997 2987 2925 2864 2835 2880 2925 2963 2828 2671 2223 1747 1346 1007  546  100   33  -99  -99  -99  -99  -99  -99  -99  -99  -99  -99  -99  -99  -99  -99  -99  -99  -99  -99  -99  -99  -99  -99  -99 
   73  -99  -99  -99  -99  -99  -99  -99  -99  -99  -99  -99  -99  -99  -99  -99  -99  -99  -99  -99  -99  -99  -99  -99  112  435  557  664  713  782  720  603  446  350  501  749 1025 1309 1724 1958 2139 2316 2485 2653 2817 2854 2821 2788 2752 2802 2889 2975 3027 3064 3100 3123 3119 3113 3100 3056 3075 3118 3105 3064 3044 3058 3059 3025 2976 2931 2949 2991 2981 2877 2765 2394 2005 1653 1459 1149  724  380   64  -99  -99  -99  -99  -99  -99  -99  -99  -99  -99  -99  -99  -99  -99  -99  -99  -99  -99  -99  -99  -99  -99 
   72  -99  -99  -99  -99  -99  -99  -99  -99  -99  -99  -99  -99  -99  -99  -99  -99  -99  -99  -99  -99  -99  -99   35  304  504  665  842  969 1014  987  932  887  847  906 1078 1258 1505 1754 1935 2116 2301 2474 2638 2802 2919 2886 2853 2825 2871 2932 2993 3037 3078 3120 3143 3135 3124 3118 3117 3138 3149 3128 3091 3069 3081 3095 3100 3072 3040 3014 3004 2992 2900 2826 2713 2324 2040 1861 1683 1284  681  266  -99  -99  -99  -99  -99  -99  -99  -99  -99  -99  -99  -99  -99  -99  -99  -99  -99  -99  -99  -99  -99  -99 
   71  -99  -99  -99  -99  -99  -99  -99  -99  -99  -99  -99  -99  -99  -99  -99  -99  -99  -99  -99  -99  -99  -99   10  328  571  766  935 1038 1113 1217 1321 1331 1243 1208 1290 1477 1665 1863 2057 2205 2345 2486 2640 2796 2953 2955 2926 2902 2964 3013 3015 3067 3108 3150 3158 3159 3148 3138 3139 3142 3149 3150 3124 3101 3103 3104 3101 3084 3055 3033 3018 3003 2949 2887 2824 2644 2427 2231 2026 1694  989  438  -99  -99  -99  -99  -99  -99  -99  -99  -99  -99  -99  -99  -99  -99  -99  -99  -99  -99  -99  -99  -99  -99 
   70  -99  -99  -99  -99  -99  -99  -99  -99  -99  -99  -99  -99  -99  -99  -99  -99  -99  -99  -99  -99  -99  -99  101  390  604  819  994 1124 1233 1338 1442 1434 1407 1365 1456 1638 1803 1943 2084 2224 2365 2505 2652 2808 2898 2975 3000 2995 3026 3020 3036 3089 3139 3169 3174 3179 3173 3166 3168 3171 3170 3156 3135 3115 3115 3106 3103 3095 3067 3050 3035 3024 2981 2921 2862 2827 2666 2471 2276 2036 1433  904  293  -99  -99  -99  -99  -99  -99  -99  -99  -99  -99  -99  -99  -99  -99  -99  -99  -99  -99  -99  -99  -99 
   69  -99  -99  -99  -99  -99  -99  -99  -99  -99  -99  -99  -99  -99  -99  -99  -99  -99  -99  -99  -99  -99  -99  287  549  797  904 1047 1166 1310 1454 1503 1515 1536 1556 1545 1701 1862 1966 2103 2244 2384 2524 2664 2753 2831 2911 2991 3039 3033 3026 3056 3110 3163 3184 3190 3195 3197 3195 3190 3178 3165 3147 3124 3120 3156 3135 3111 3101 3083 3070 3059 3048 3003 2944 2919 2898 2795 2599 2385 2152 1789 1188  522  -99  -99  -99  -99  -99  -99  -99  -99  -99  -99  -99  -99  -99  -99  -99  -99  -99  -99  -99  -99  -99 
   68  -99  -99  -99  -99  -99  -99  -99  -99  -99  -99  -99  -99  -99  -99  -99  -99  -99  -99  -99  -99  -99   76  519  762  950 1039 1106 1207 1343 1431 1551 1745 1782 1803 1791 1766 1922 2026 2129 2263 2403 2544 2692 2733 2813 2894 2974 3027 3039 3033 3076 3117 3141 3160 3172 3185 3197 3198 3185 3173 3161 3138 3114 3139 3175 3180 3156 3126 3099 3092 3083 3072 3031 3011 2991 2968 2923 2711 2479 2246 1966 1357  738  137  -99  -99  -99  -99  -99  -99  -99  -99  -99  -99  -99  -99  -99  -99  -99  -99  -99  -99  -99  -99 
   67  -99  -99  -99  -99  -99  -99  -99  -99  -99  -99  -99  -99  -99   11   85  240  344  198  -99  -99  169  537  723  950 1069 1134 1189 1236 1280 1368 1457 1649 1844 2036 2037 2001 1983 2086 2189 2292 2424 2575 2724 2759 2797 2877 2957 3010 3026 3041 3066 3091 3115 3134 3147 3158 3167 3177 3181 3169 3153 3130 3113 3144 3186 3211 3180 3143 3106 3098 3092 3085 3097 3083 3063 3039 3003 2862 2656 2425 2184 1581  978  349  -99  -99  -99  -99  -99  -99  -99  -99  -99  -99  -99  -99  -99  -99  -99  -99  -99  -99  -99  -99 
   66  -99  -99  -99  -99  -99  -99  -99  -99  -99  -99  -99  -99  -99  186  338  543  624  655  527  447  613  781  950 1105 1135 1176 1223 1264 1303 1340 1394 1551 1757 1973 2006 1956 2052 2159 2261 2363 2466 2608 2754 2788 2822 2860 2940 2994 3010 3046 3058 3068 3088 3109 3120 3129 3138 3147 3156 3164 3147 3130 3114 3142 3169 3177 3168 3152 3123 3104 3098 3093 3105 3122 3123 3085 3048 2912 2762 2612 2445 1835 1206  585   97  -99  -99  -99  -99  -99  -99  -99  -99  -99  -99  -99  -99  -99  -99  -99  -99  -99  -99  -99 
   65  -99  -99  -99  -99  -99  -99  -99  -99  -99  -99  -99  -99  -99   81  495  680  780  875  942  975  980  917 1028 1144 1178 1208 1251 1292 1333 1370 1402 1496 1704 1921 1948 2003 2120 2233 2335 2438 2540 2643 2784 2818 2852 2886 2924 2977 3012 3050 3066 3076 3086 3096 3107 3118 3130 3141 3152 3150 3146 3130 3114 3125 3133 3141 3141 3125 3111 3110 3106 3101 3113 3132 3141 3129 3093 2962 2813 2760 2707 1718 1076  654  311   46  -99  -99  -99  -99  -99  -99  -99  -99  -99  -99  -99  -99  -99  -99  -99  -99  -99  -99 
   64  -99  -99  -99  -99  -99  -99  -99  -99  -99  -99  -99  -99  -99   27  561  777  915  949  985 1021 1055 1100 1145 1178 1204 1231 1274 1318 1361 1385 1404 1491 1673 1868 1954 2071 2189 2307 2409 2512 2615 2717 2813 2848 2882 2917 2951 2973 3015 3054 3074 3084 3094 3104 3115 3126 3137 3145 3139 3140 3145 3129 3116 3110 3110 3110 3112 3111 3113 3113 3111 3108 3123 3144 3154 3143 3132 3096 3065 3035 2980 1951  986  718  381   50  -99  -99  -99  -99  -99  -99  -99  -99  -99  -99  -99  -99  -99  -99  -99  -99  -99  -99 
   63  -99  -99  -99  -99  -99  -99  -99  -99  -99  -99  -99  -99  -99  230  665  854  928  964  999 1023 1061 1106 1157 1196 1228 1256 1296 1340 1378 1390 1406 1486 1668 1846 2029 2149 2268 2378 2481 2583 2678 2756 2828 2883 2918 2952 2971 2972 3003 3045 3077 3091 3103 3112 3123 3134 3134 3128 3122 3131 3143 3129 3123 3116 3110 3110 3112 3114 3116 3116 3114 3111 3135 3156 3167 3156 3151 3127 3098 3084 3065 2047 1434  930  450   68  -99  -99  -99  -99  -99  -99  -99  -99  -99  -99  -99  -99  -99  -99  -99  -99  -99  -99 
   62  -99  -99  -99  -99  -99  -99  -99  -99  -99  -99  -99   55  188  577  792  875  940  976 1006 1025 1068 1120 1172 1211 1243 1277 1319 1364 1389 1401 1413 1488 1655 1832 2031 2227 2346 2449 2538 2617 2695 2774 2841 2897 2952 2978 2979 2981 2992 3031 3069 3089 3103 3117 3129 3124 3118 3112 3107 3121 3135 3133 3126 3120 3113 3111 3113 3116 3118 3118 3115 3111 3135 3168 3180 3175 3171 3151 3152 3154 3139 2465 2086 1522  634  -99  -99  -99  -99  -99  -99  -99  -99  -99  -99  -99  -99  -99  -99  -99  -99  -99  -99  -99 
   61  -99  -99  -99  -99  -99  -99  -99  -99  -99   27  177  289  481  756  815  895  949  983 1019 1042 1086 1135 1187 1226 1262 1303 1345 1387 1407 1446 1486 1619 1765 1916 2091 2273 2398 2477 2555 2634 2713 2791 2855 2910 2964 2979 2982 2985 2990 3018 3055 3088 3101 3114 3122 3117 3107 3096 3096 3108 3120 3128 3122 3115 3113 3111 3112 3115 3117 3117 3115 3111 3134 3166 3188 3184 3180 3180 3183 3185 3189 2914 2519 2075 1084  -99  -99  -99  -99  -99  -99  -99  -99  -99  -99  -99  -99  -99  -99  -99  -99  -99  -99  -99 
   60  -99  -99  -99  -99  -99  -99  -99    3  188  328  450  551  727  828  880  917  959 1002 1039 1072 1116 1161 1205 1247 1287 1328 1369 1437 1483 1527 1610 1753 1895 2042 2215 2287 2368 2494 2573 2651 2730 2809 2868 2923 2963 2972 2976 2984 3003 3022 3051 3081 3096 3105 3113 3115 3105 3095 3092 3100 3108 3117 3119 3116 3114 3111 3110 3111 3113 3113 3112 3111 3129 3153 3177 3182 3179 3177 3179 3181 3188 3118 2714 2279 1567  566   56  -99  -99  -99  -99  -99  -99  -99  -99  -99  -99  -99  -99  -99  -99  -99  -99  -99 
   59  -99  -99  -99  -99   60  194  318  301  382  586  689  810  858  902  932  950  980 1019 1057 1099 1143 1186 1228 1268 1309 1350 1424 1499 1545 1583 1726 1878 2022 2156 2195 2253 2332 2465 2590 2669 2747 2825 2881 2926 2955 2964 2978 2997 3016 3036 3055 3085 3098 3101 3105 3113 3103 3093 3091 3099 3107 3115 3109 3105 3102 3104 3110 3107 3109 3109 3108 3107 3121 3142 3163 3180 3178 3175 3175 3178 3187 3197 3001 2670 2113 1067  535  -99  -99  -99  -99  -99  -99  -99  -99  -99  -99  -99  -99  -99  -99  -99  -99  -99 
   58  -99  -99  -99   25  225  422  608  690  670  766  811  844  871  917  960  976 1005 1038 1076 1122 1167 1209 1249 1290 1331 1400 1493 1555 1589 1623 1754 1983 2140 2063 2155 2218 2296 2430 2563 2686 2765 2838 2888 2925 2947 2966 2988 3003 3027 3049 3068 3090 3105 3107 3110 3111 3101 3091 3089 3098 3106 3113 3107 3093 3097 3104 3110 3106 3105 3105 3104 3104 3118 3138 3159 3178 3176 3174 3172 3175 3185 3193 3123 3029 2715 1751  750  231  -99  -99  -99  -99  -99  -99  -99  -99  -99  -99  -99  -99  -99  -99  -99  -99 
   57  -99  -99  -99  147  391  540  653  746  806  828  833  862  866  921  985 1011 1031 1064 1092 1135 1181 1223 1263 1304 1332 1394 1465 1525 1577 1628 1720 1945 2122 1961 2060 2183 2260 2394 2527 2661 2782 2850 2888 2924 2951 2976 3001 3011 3027 3051 3074 3098 3111 3113 3114 3109 3099 3089 3088 3096 3104 3111 3106 3093 3093 3100 3102 3103 3102 3101 3101 3101 3114 3135 3156 3174 3173 3171 3169 3171 3180 3189 3134 3074 2776 2018 1261  765  288  -99  -99  -99  -99  -99  -99  -99  -99  -99  -99  -99  -99  -99  -99  -99 
   56  -99  -99  -99  138  373  565  677  729  755  778  767  781  852  905  963 1012 1063 1091 1116 1142 1182 1225 1267 1301 1307 1350 1415 1476 1528 1556 1541 1763 1871 1858 1965 2116 2225 2358 2492 2625 2760 2863 2908 2952 2970 2986 3011 3024 3034 3050 3074 3092 3106 3117 3116 3106 3097 3087 3087 3094 3102 3109 3104 3096 3091 3094 3094 3095 3096 3097 3097 3097 3110 3132 3154 3171 3167 3162 3157 3158 3167 3175 3157 3127 2838 2244 1784 1321  546  -99  -99  -99  -99  -99  -99  -99  -99  -99  -99  -99  -99  -99  -99  -99 
   55  -99  -99  -99   75  254  503  621  674  701  717  701  691  743  780  849  951 1028 1086 1112 1141 1160 1209 1255 1273 1281 1325 1369 1427 1454 1464 1440 1575 1620 1702 1860 2011 2190 2324 2459 2597 2744 2890 2939 2983 3000 3014 3028 3040 3049 3059 3071 3087 3103 3119 3118 3105 3095 3085 3085 3092 3100 3107 3106 3091 3026 3056 3088 3089 3090 3090 3091 3091 3104 3126 3148 3161 3155 3150 3144 3145 3153 3159 3141 3117 3051 2553 2048 1660 1486  628  -99  -99  -99  -99  -99  -99  -99  -99  -99  -99  -99  -99  -99  -99 
   54  -99  -99  -99   20  215  454  511  575  537  547  617  600  569  549  710  824  964 1070 1098 1114 1127 1158 1171 1206 1211 1214 1211 1185 1318 1323 1286 1348 1429 1573 1740 1905 2118 2292 2436 2583 2730 2877 2969 3014 3030 3044 3061 3072 3081 3090 3090 3100 3116 3131 3134 3122 3108 3094 3093 3100 3108 3116 3010 2920 2851 2916 3003 3082 3084 3084 3084 3085 3098 3122 3148 3152 3143 3137 3132 3131 3137 3143 3123 3069 3011 2757 2306 2077 1912 1534  598  -99  -99  -99  -99  -99  -99  -99  -99  -99  -99  -99  -99  -99 
   53  -99  -99  -99  -99  187  240   64   19  162  292  370  347  294  271  482  691  869  995 1042 1064 1077 1084 1088 1085 1061  993  871  750  740  806  950 1097 1312 1483 1652 1840 2059 2331 2424 2569 2716 2863 3000 3044 3060 3075 3095 3105 3112 3121 3119 3114 3129 3140 3143 3141 3126 3120 3120 3121 3129 3114 2955 2797 2690 2777 2869 2961 3058 3077 3077 3078 3096 3122 3148 3142 3131 3126 3121 3121 3125 3128 3081 3023 2964 2907 2724 2494 2325 1959 1161 1032  514  -99  -99  -99  -99  -99  -99  -99  -99  -99  -99  -99 
   52  -99  -99  -99  -99  -99   21  -99  -99  -99  -99  -99  -99  -99   28  233  458  703  838  957 1002 1008 1019 1011  967  934 1023  965  961  957  747  825 1152 1423 1616 1724 1799 2019 2407 2524 2613 2705 2848 2995 3075 3090 3109 3129 3138 3145 3151 3149 3144 3142 3149 3152 3155 3148 3148 3148 3148 3149 3059 2903 2748 2652 2672 2764 2857 2957 3065 3069 3070 3091 3122 3145 3133 3121 3115 3111 3111 3112 3106 3093 3035 2982 2935 2868 2777 2637 2310 1781 1612 1399  649  -99  -99  -99  -99  -99  -99  -99  -99  -99  -99 
   51  -99  -99  -99  -99  -99  -99  -99  -99  -99  -99  -99  -99  -99  -99  -99  272  532  655  711  797  896  912  845  759  986 1103 1256 1257 1202 1047 1065 1337 1541 1718 1789 1865 2040 2437 2628 2717 2806 2895 2986 3106 3124 3142 3155 3158 3159 3154 3167 3182 3176 3174 3176 3178 3152 3147 3147 3147 3139 3009 2860 2706 2653 2658 2664 2752 2856 2965 3061 3062 3085 3117 3134 3121 3108 3103 3101 3096 3089 3083 3077 3054 3010 2963 2915 2840 2803 2652 2357 2139 1902 1422  483  -99  -99  -99  -99  -99  -99  -99  -99  -99 
   50  -99  -99  -99  -99  -99  -99  -99  -99  -99  -99  -99  -99  -99  -99  -99  -99  210  344  482  620  719  801  698  803 1015 1214 1412 1574 1424 1266 1293 1559 1797 1915 2002 2082 2225 2468 2732 2821 2910 2999 3068 3116 3143 3157 3167 3167 3162 3157 3168 3185 3202 3211 3211 3189 3163 3137 3126 3126 3054 2923 2792 2662 2654 2659 2664 2668 2755 2863 2972 3054 3078 3100 3114 3108 3095 3091 3084 3075 3066 3057 3050 3029 2994 2959 2931 2888 2844 2796 2757 2562 2302 1703 1340  386  -99  -99  -99  -99  -99  -99  -99  -99 
   49  -99  -99  -99  -99  -99  -99  -99  -99  -99  -99  -99  -99  -99  -99  -99  -99  -99  -99  237  400  520  704  809  946 1089 1276 1470 1656 1611 1494 1611 1814 2024 2118 2219 2310 2476 2642 2836 2910 2962 3015 3067 3108 3140 3172 3175 3170 3165 3160 3169 3186 3203 3220 3222 3197 3172 3147 3121 3098 2974 2855 2736 2642 2645 2649 2654 2656 2654 2743 2855 2964 3056 3079 3093 3088 3082 3074 3065 3056 3046 3037 3028 3018 2992 2964 2928 2885 2840 2787 2740 2706 2526 2230 1932 1084   13  -99  -99  -99  -99  -99  -99  -99 
   48  -99  -99  -99  -99  -99  -99  -99  -99  -99  -99  -99  -99  -99  -99  -99  -99  -99  -99  -99  143  423  719  924 1047 1154 1325 1510 1695 1797 1834 1951 2083 2250 2343 2430 2476 2612 2750 2865 2916 2963 3014 3066 3100 3135 3170 3179 3173 3168 3163 3170 3187 3204 3213 3212 3198 3173 3148 3123 3072 2935 2813 2694 2633 2637 2640 2645 2643 2641 2639 2731 2830 2927 3024 3072 3063 3055 3050 3045 3036 3027 3018 3009 3000 2990 2968 2924 2880 2833 2778 2724 2523 2286 2049 1759  910  -99  -99  -99  -99  -99  -99  -99  -99 
   47  -99  -99  -99  -99  -99  -99  -99  -99  -99  -99  -99  -99  -99  -99  -99  -99  -99  -99  -99  -99  285  728 1026 1164 1267 1442 1625 1803 1936 2044 2181 2317 2456 2535 2612 2615 2637 2775 2875 2930 2980 3027 3065 3099 3134 3168 3185 3176 3171 3166 3171 3188 3202 3201 3200 3198 3174 3149 3114 3058 2921 2784 2652 2625 2631 2638 2639 2635 2633 2631 2697 2813 2929 3043 3045 3035 3026 3021 3016 3004 3006 2999 2990 2981 2971 2943 2898 2853 2679 2704 2658 2410 2142 1874 1578  663  -99  -99  -99  -99  -99  -99  -99  -99 
   46  -99  -99  -99  -99  -99  -99  -99  -99  -99  -99  -99  -99  -99  -99  -99  -99  -99  -99  -99  -99  289  761 1129 1283 1383 1582 1793 1962 2013 2063 2196 2342 2520 2698 2759 2759 2759 2800 2885 2940 2995 3037 3067 3098 3133 3166 3192 3183 3174 3169 3172 3189 3190 3189 3188 3187 3175 3141 3104 3044 2907 2777 2648 2632 2639 2645 2639 2632 2641 2709 2778 2880 2996 3025 3019 3008 2997 2990 2971 2957 2959 2961 2970 2960 2950 2913 2869 2755 2547 2509 2531 2313 2020 1734 1435  276  -99  -99  -99  -99  -99  -99  -99  -99 
   45  -99  -99  -99  -99  -99  -99  -99  -99  -99  -99  -99  -99  -99  -99  -99  -99  -99  -99  -99  -99  387  973 1155 1334 1506 1681 1850 1948 2058 2140 2211 2374 2504 2598 2705 2744 2774 2806 2867 2915 2964 3031 3064 3098 3131 3164 3197 3189 3180 3172 3173 3179 3178 3177 3176 3173 3163 3127 3090 3034 2913 2784 2656 2639 2647 2625 2588 2602 2709 2797 2866 2947 3003 2999 2993 2982 2972 2947 2925 2911 2912 2913 2924 2937 2928 2883 2787 2631 2425 2314 2296 2252 1948 1636 1335  429  -99  -99  -99  -99  -99  -99  -99  -99 
   44  -99  -99  -99  -99  -99  -99  -99  -99  -99  -99  -99  -99  -99  -99  -99  -99  -99  -99  -99  213  620 1010 1210 1366 1495 1651 1775 1856 1954 2065 2145 2244 2339 2433 2543 2644 2675 2728 2813 2862 2922 2998 3051 3077 3096 3135 3172 3183 3177 3171 3167 3167 3166 3165 3159 3156 3144 3107 3071 3020 2900 2779 2656 2530 2448 2390 2446 2524 2607 2722 2839 2963 2974 2969 2966 2960 2950 2924 2894 2868 2864 2865 2876 2888 2850 2688 2570 2449 2269 2108 2067 2027 1920 1653 1375  435  -99  -99  -99  -99  -99  -99  -99  -99 
   43  -99  -99  -99  -99  -99  -99  -99  -99  -99  -99  -99  -99  -99  -99  -99  -99  -99   45  283  466  779 1065 1226 1355 1483 1604 1684 1764 1844 1900 1956 2066 2173 2271 2381 2491 2576 2655 2741 2809 2882 2958 3030 3050 3062 3097 3124 3148 3156 3150 3152 3154 3153 3150 3143 3138 3125 3088 3052 3007 2886 2751 2607 2463 2320 2257 2336 2415 2482 2642 2770 2897 2922 2935 2932 2929 2926 2898 2865 2837 2829 2820 2811 2805 2768 2600 2432 2265 2110 1969 1866 1817 1747 1611 1359  659   15  -99  -99  -99  -99  -99  -99  -99 
   42  -99  -99  -99  -99  -99  -99  -99  -99  -99  -99  -99  -99  -99  -99  -99  -99  -99  131  394  624  822 1078 1192 1310 1439 1459 1480 1559 1568 1711 1767 1878 1996 2112 2230 2349 2462 2557 2647 2754 2828 2899 2925 2956 3014 3053 3077 3101 3125 3133 3135 3138 3140 3135 3128 3121 3102 3067 3031 2996 2846 2702 2559 2415 2276 2139 2178 2246 2191 2406 2703 2830 2856 2878 2897 2892 2888 2862 2832 2803 2781 2760 2743 2728 2690 2540 2388 2227 1976 1826 1693 1594 1526 1417 1298  551  -99  -99  -99  -99  -99  -99  -99  -99 
   41  -99  -99  -99  -99  -99  -99  -99  -99  -99  -99  -99  -99   29   36  -99  -99  -99  172  501  731  951 1075 1178 1281 1342 1345 1348 1272 1277 1476 1578 1690 1830 1983 2111 2229 2335 2438 2539 2670 2765 2814 2818 2826 2884 2960 3027 3051 3076 3108 3123 3125 3121 3108 3099 3092 3060 3024 2988 2995 2922 2723 2523 2372 2234 2096 2010 1956 1902 2110 2433 2751 2775 2785 2779 2816 2850 2827 2805 2780 2740 2701 2668 2633 2583 2468 2354 2151 1900 1677 1566 1461 1373 1280 1200  866  116   23   12  -99  -99  -99  -99  -99 
   40  -99  -99  -99  -99  172   88   63  -99  -99  -99  -99  -99  196  348  346  437  200  227  519  731  954 1058 1160 1239 1336 1343 1321 1048  987 1186 1383 1531 1684 1837 1990 2105 2211 2328 2409 2579 2701 2707 2711 2715 2762 2841 2921 2999 3031 3063 3094 3111 3098 3085 3072 3054 3018 2982 2962 2989 3017 2844 2632 2412 2268 2093 1830 1761 1746 1872 2195 2487 2674 2681 2668 2679 2702 2736 2775 2759 2725 2695 2627 2544 2472 2385 2303 2106 1852 1708 1645 1594 1518 1422 1281 1138  688  468  322  151    7  -99  -99  -99 
   39  -99  -99  -99  -99  -99  118    8  302   11  199  169  215  545  587  610  600  477  287  493  714  923 1040 1119 1179 1289 1342 1150  926  942 1224 1439 1466 1608 1750 1892 2026 2155 2157 2165 2338 2473 2540 2546 2560 2687 2785 2868 2949 3027 3059 3089 3097 3086 3073 3060 3050 3019 2983 2936 2962 3004 2956 2709 2458 2249 1979 1716 1574 1624 1684 1937 2220 2503 2570 2546 2523 2518 2551 2560 2320 2504 2674 2619 2517 2422 2347 2265 2065 1898 1799 1712 1662 1612 1534 1418 1275 1056  790  586  404  119  -99  -99  -99 
   38  -99  -99  -99  -99  -99  -99  125  165  259  591  704  678  685  716  744  723  443  173  411  673  893 1002 1054 1148 1275 1373 1287 1195 1138 1380 1498 1452 1559 1698 1836 1972 2020 1985 1949 2094 2199 2281 2360 2465 2594 2723 2826 2906 2986 3062 3087 3082 3076 3063 3052 3043 3032 2988 2940 2906 2947 2729 2327 2068 1960 1946 1653 1522 1618 1714 1867 2088 2294 2384 2357 2341 2334 2260 1915 1668 1852 2501 2528 2468 2372 2300 2227 2087 1988 1887 1783 1725 1670 1574 1471 1364 1256  974  740  512  234  -99  -99  -99 
   37  -99  -99  -99  -99  -99  -99  -99  -99  151  476  580  685  699  739  779  743  457  265  418  641  867  976 1091 1304 1463 1563 1525 1473 1420 1536 1557 1521 1533 1662 1792 1882 1848 1812 1776 1842 1925 2080 2223 2296 2431 2567 2752 2883 2960 3036 3054 3058 3060 3051 3032 3014 2995 2972 2943 2897 2890 2549 2100 1678 1601 1680 1642 1630 1715 1817 1978 2032 2041 2174 2168 2159 2256 1835 1310 1053 1831 2410 2380 2350 2321 2247 2180 2122 2030 1924 1849 1787 1712 1614 1516 1403 1281 1076  792  790  675  356  219    2 
   36  -99  -99  -99  -99  -99  -99  -99  -99  216  392  568  676  717  751  790  818  674  556  585  730  903 1043 1215 1430 1645 1753 1715 1671 1665 1664 1644 1625 1606 1673 1803 1771 1647 1618 1588 1668 1830 1997 2097 2155 2245 2416 2633 2850 2955 3000 2986 2977 2980 2984 2978 2959 2941 2921 2893 2865 2774 2309 1847 1405 1234 1314 1448 1694 1816 1928 1965 1957 1962 1968 2010 2164 2318 1866 1569 1436 1950 2262 2234 2256 2263 2190 2146 2101 2024 1906 1810 1717 1663 1572 1475 1392 1274 1020  845  805  653  572  338  194 
   35  -99    2  -99  -99  -99  -99  242  400  560  579  617  684  751  805  846  889  864  778  751  769  938 1179 1396 1589 1781 1943 1899 1854 1834 1786 1755 1731 1711 1692 1801 1670 1538 1413 1467 1619 1770 1917 2075 2161 2247 2423 2602 2782 2945 2927 2913 2899 2900 2904 2908 2905 2887 2869 2843 2690 2453 2023 1513 1286 1052  991 1172 1403 1617 1727 1741 1730 1667 1632 1844 2083 2320 2297 2225 2099 2066 2148 2173 2198 2204 2155 2112 2069 1976 1815 1669 1593 1558 1483 1376 1279 1203  907  753  691  613  540  407  135 
   34  -99   28  212  377  343  403  527  561  583  593  640  725  812  865  910  959  957 1009 1045 1078 1157 1389 1605 1798 1977 2083 2059 2022 1972 1915 1871 1847 1824 1801 1786 1715 1645 1493 1411 1561 1709 1815 2243 2441 2534 2713 2892 2921 2894 2735 2714 2700 2794 2841 2845 2736 2674 2731 2597 2369 2132 1765 1358 1217 1011  822  704  861 1014 1100 1170 1240 1249 1304 1599 1830 2055 2068 2023 1993 1986 2019 2051 2075 2082 2037 1985 1840 1600 1502 1430 1446 1399 1361 1276 1168 1070  805  679  595  471  376  333  216 
   33  -99   62  355  340  346  497  531  557  577  607  665  732  826  905  952 1018 1051 1080 1146 1252 1470 1599 1814 1980 2140 2205 2207 2169 2108 2046 1987 1979 2036 2094 2099 2028 1851 1631 1410 1503 1587 1730 2157 2584 2824 2897 2894 2891 2840 2681 2521 2499 2620 2778 2773 2608 2443 2421 2201 1900 1723 1527 1208  916  637  447  267  261  372  473  559  569  757  932 1071 1365 1634 1860 1834 1806 1828 1846 1849 1852 1864 1856 1726 1360 1227  925 1014 1133 1177 1144 1106  965  907  785  621  463  333  265  200  129 
   32  -99  -99    2  148  298  470  460  536  587  610  676  748  828  913  987 1049 1111 1152 1219 1336 1558 1764 1968 2142 2298 2328 2355 2305 2242 2172 2130 2229 2337 2406 2411 2208 1988 1813 1661 1480 1602 1752 2171 2589 2883 2874 2865 2860 2787 2628 2468 2308 2447 2616 2640 2481 2316 2151 1881 1501 1194 1012  836  583  325  104  -99  -99  -99  -99  -99  -99  -99  125  177  591  778 1177 1422 1582 1405 1624 1627 1631 1645 1621 1192  940  740  492  593  725  804  808  807  661  559  482  354  264  159   98   38  -99 
   31  -99  -99  -99  -99  -99  -99  152  406  575  623  657  716  777  858  972 1050 1118 1220 1291 1421 1609 1717 1913 2157 2380 2405 2433 2421 2350 2280 2290 2387 2496 2596 2635 2669 2520 2367 2180 1910 1683 1810 2216 2590 2875 2866 2839 2745 2625 2478 2311 2237 2333 2503 2364 2181 1996 1783 1493 1111  812  594  423  208    5  -99  -99  -99  -99  -99  -99  -99  -99  -99  -99  -99   51  562  691  856  877 1305 1400 1414 1520 1098  666  373  260  149  171  265  402  527  492  370  198  130   54   22   15  -99  -99  -99 
   30  -99  -99  -99  -99  -99  -99   77  466  552  590  623  656  714  801  925 1033 1132 1238 1345 1453 1561 1669 1857 2145 2393 2418 2468 2527 2456 2433 2450 2546 2630 2665 2699 2749 2802 2855 2659 2395 2124 1887 2223 2585 2820 2725 2629 2522 2400 2277 2146 2189 2245 2287 2098 1867 1586 1337 1048  716  468  174   46  -99  -99  -99  -99  -99  -99  -99  -99  -99  -99  -99  -99  -99  -99  -99  -99  187  300  511  716  830  842  504  185  101   37   43   41   57   26   50   57   44  -99  -99  -99  -99  -99  -99  -99  -99 
   29  -99  -99  -99  -99  -99   41  250  443  519  554  590  629  683  781  884 1001 1102 1200 1307 1473 1560 1648 1851 2158 2405 2440 2504 2567 2576 2593 2610 2663 2698 2732 2766 2809 2832 2836 2853 2650 2400 2212 2361 2741 2649 2513 2418 2325 2208 2090 2020 2061 2132 2022 1834 1549 1268  928  553  321  111  -99  -99  -99  -99  -99  -99  -99  -99  -99  -99  -99  -99  -99  -99  -99  -99  -99  -99  -99  -99  -99   56  208  243   52  -99  -99  -99  -99  -99  -99  -99  -99  -99  -99  -99  -99  -99  -99  -99  -99  -99  -99 
   28  -99  -99  -99  -99  -99   27  160  350  482  527  567  615  663  754  857  953 1050 1155 1281 1466 1592 1700 1936 2173 2418 2475 2486 2414 2343 2344 2376 2622 2672 2712 2751 2803 2807 2815 2833 2850 2635 2591 2585 2733 2495 2301 2208 2116 2023 1919 1898 1898 1880 1739 1532 1231  890  521  174  -99  -99  -99  -99  -99  -99  -99  -99  -99  -99  -99  -99  -99  -99  -99  -99  -99  -99  -99  -99  -99  -99  -99  -99  -99  -99  -99  -99  -99  -99  -99  -99  -99  -99  -99  -99  -99  -99  -99  -99  -99  -99  -99  -99  -99 
   27  -99  -99  -99  -99  -99  -99  120  283  450  510  548  595  653  748  845  936 1026 1126 1269 1454 1624 1804 2039 2238 2294 2192 2120 2049 1971 1943 2065 2316 2567 2645 2694 2750 2783 2795 2812 2824 2813 2782 2729 2531 2302 2043 1943 1836 1729 1666 1678 1695 1575 1429 1220  914  518  183  -99  -99  -99  -99  -99  -99  -99  -99  -99  -99  -99  -99  -99  -99  -99  -99  -99  -99  -99  -99  -99  -99  -99  -99  -99  -99  -99  -99  -99  -99  -99  -99  -99  -99  -99  -99  -99  -99  -99  -99  -99  -99  -99  -99  -99  -99 
   26  -99  -99  -99  -99  -99  -99   74  226  383  494  533  578  658  751  844  933 1024 1122 1222 1414 1600 1773 1955 2138 2091 1865 1754 1681 1602 1543 1754 2005 2231 2431 2526 2621 2718 2747 2741 2735 2723 2626 2466 2268 2012 1659 1561 1486 1389 1363 1356 1329 1264 1115  911  599  208  -99  -99  -99  -99  -99  -99  -99  -99  -99  -99  -99  -99  -99  -99  -99  -99  -99  -99  -99  -99  -99  -99  -99  -99  -99  -99  -99  -99  -99  -99  -99  -99  -99  -99  -99  -99  -99  -99  -99  -99  -99  -99  -99  -99  -99  -99  -99 
   25  -99  -99  -99  -99  -99  -99    3  122  217  376  514  548  648  745  844  933 1022 1096 1169 1350 1503 1645 1856 2038 1888 1663 1437 1334 1312 1288 1372 1575 1796 1987 2082 2195 2353 2244 2318 2393 2467 2355 2202 1985 1632 1283 1162 1125 1080 1055 1020  962  901  781  602  283  -99  -99  -99  -99  -99  -99  -99  -99  -99  -99  -99  -99  -99  -99  -99  -99  -99  -99  -99  -99  -99  -99  -99  -99  -99  -99  -99  -99  -99  -99  -99  -99  -99  -99  -99  -99  -99  -99  -99  -99  -99  -99  -99  -99  -99  -99  -99  -99 
   24  -99  -99  -99  -99  -99  -99  -99   58  106  220  452  526  631  733  834  935 1003 1072 1144 1287 1406 1507 1720 1909 1735 1538 1340 1253 1232 1200 1181 1306 1431 1551 1672 1794 1993 1863 1777 1852 1968 1931 1821 1621 1284  954  895  863  808  684  597  584  539  431  224   21  -99  -99  -99  -99  -99  -99  -99  -99  -99  -99  -99  -99  -99  -99  -99  -99  -99  -99  -99  -99  -99  -99  -99  -99  -99  -99  -99  -99  -99  -99  -99  -99  -99  -99  -99  -99  -99  -99  -99  -99  -99  -99  -99  -99  -99  -99  -99  -99 
   23  -99  -99  -99  -99  -99  -99  -99    2   43  105  297  484  583  720  814  908  981 1051 1120 1211 1310 1408 1529 1655 1604 1435 1262 1173 1150 1112 1069 1030 1068 1155 1273 1394 1632 1506 1342 1330 1449 1505 1353 1162  919  590  529  578  487  237  175  224  218   62  -99  -99  -99  -99  -99  -99  -99  -99  -99  -99  -99  -99  -99  -99  -99  -99  -99  -99  -99  -99  -99  -99  -99  -99  -99  -99  -99  -99  -99  -99  -99  -99  -99  -99  -99  -99  -99  -99  -99  -99  -99  -99  -99  -99  -99  -99  -99  -99  -99  -99 
   22  -99  -99  -99  -99  -99  -99  -99    7   46  100  261  401  527  680  807  881  945  993 1065 1134 1206 1303 1367 1412 1456 1304 1206 1108 1067 1017  955  880  791  764  897  933  843  762  744  771  852 1073  943  644  422  299  240  263  214  -99  -99  -99  -99  -99  -99  -99  -99  -99  -99  -99  -99  -99  -99  -99  -99  -99  -99  -99  -99  -99  -99  -99  -99  -99  -99  -99  -99  -99  -99  -99  -99  -99  -99  -99  -99  -99  -99  -99  -99  -99  -99  -99  -99  -99  -99  -99  -99  -99  -99  -99  -99  -99  -99  -99 
   21  -99  -99  -99  -99  -99  -99  -99  -99   24   72  165  329  496  647  763  853  906  958 1006 1078 1118 1199 1262 1307 1305 1212 1118 1037  995  901  827  706  610  620  583  578  551  549  547  595  585  676  568  367  218  121   61   10  -99  -99  -99  -99  -99  -99  -99  -99  -99  -99  -99  -99  -99  -99  -99  -99  -99  -99  -99  -99  -99  -99  -99  -99  -99  -99  -99  -99  -99  -99  -99  -99  -99  -99  -99  -99  -99  -99  -99  -99  -99  -99  -99  -99  -99  -99  -99  -99  -99  -99  -99  -99  -99  -99  -99  -99 
   20  -99  -99  -99  -99  -99  -99  -99  -99  -99   22  106  300  492  581  688  785  870  923  969 1022 1061 1101 1147 1150 1141 1058 1033 1010  973  790  689  577  546  549  523  515  515  504  500  496  491  468  374  223   95   44   12  -99  -99  -99  -99  -99  -99  -99  -99  -99  -99  -99  -99  -99  -99  -99  -99  -99  -99  -99  -99  -99  -99  -99  -99  -99  -99  -99  -99  -99  -99  -99  -99  -99  -99  -99  -99  -99  -99  -99  -99  -99  -99  -99  -99  -99  -99  -99  -99  -99  -99  -99  -99  -99  -99  -99  -99  -99 
   19  -99  -99  -99  -99  -99  -99  -99  -99  -99  -99   83  252  429  529  610  707  829  888  935  972 1011 1050 1069 1060 1053 1047 1021  995  904  687  598  571  541  472  456  450  437  439  432  411  405  363  314  148   39    3  -99  -99  -99  -99  -99  -99  -99  -99  -99  -99  -99  -99  -99  -99  -99  -99  -99  -99  -99  -99  -99  -99  -99  -99  -99  -99  -99  -99  -99  -99  -99  -99  -99  -99  -99  -99  -99  -99  -99  -99  -99  -99  -99  -99  -99  -99  -99  -99  -99  -99  -99  -99  -99  -99  -99  -99  -99  -99 
   18  -99  -99  -99  -99  -99  -99  -99  -99  -99  -99   57  154  323  499  532  641  795  853  897  927  964  997 1026 1025 1018 1017 1017  926  762  605  552  544  512  414  318  314  342  362  355  243  261  147  186   55  -99  -99  -99  -99  -99  -99  -99  -99  -99  -99  -99  -99  -99  -99  -99  -99  -99  -99  -99  -99  -99  -99  -99  -99  -99  -99  -99  -99  -99  -99  -99  -99  -99  -99  -99  -99  -99  -99  -99  -99  -99  -99  -99  -99  -99  -99  -99  -99  -99  -99  -99  -99  -99  -99  -99  -99  -99  -99  -99  -99 
   17  -99  -99  -99  -99  -99  -99  -99  -99  -99  -99   36  140  227  304  446  601  757  819  861  893  925  945  969  981  978  961  937  834  673  532  517  520  419  278  161  157  192  237  148   35  -99  -99  -99  -99  -99  -99  -99  -99  -99  -99  -99  -99  -99  -99  -99  -99  -99  -99  -99  -99  -99  -99  -99  -99  -99  -99  -99  -99  -99  -99  -99  -99  -99  -99  -99  -99  -99  -99  -99  -99  -99  -99  -99  -99  -99  -99  -99  -99  -99  -99  -99  -99  -99  -99  -99  -99  -99  -99  -99  -99  -99  -99  -99  -99 
   16  -99  -99  -99  -99  -99  -99  -99  -99  -99  -99    2   44  100  144  339  541  703  787  833  867  881  885  901  920  918  916  869  743  597  531  508  457  336  137   37   39   53   43    8  -99  -99  -99  -99  -99  -99  -99  -99  -99  -99  -99  -99  -99  -99  -99  -99  -99  -99  -99  -99  -99  -99  -99  -99  -99  -99  -99  -99  -99  -99  -99  -99  -99  -99  -99  -99  -99  -99  -99  -99  -99  -99  -99  -99  -99  -99  -99  -99  -99  -99  -99  -99  -99  -99  -99  -99  -99  -99  -99  -99  -99  -99  -99  -99  -99 
   15  -99  -99  -99  -99  -99  -99  -99  -99  -99  -99  -99    4   48  128  288  473  647  754  799  834  840  845  852  858  862  842  778  671  554  517  492  383  257   65  -99  -99  -99  -99  -99  -99  -99  -99  -99  -99  -99  -99  -99  -99  -99  -99  -99  -99  -99  -99  -99  -99  -99  -99  -99  -99  -99  -99  -99  -99  -99  -99  -99  -99  -99  -99  -99  -99  -99  -99  -99  -99  -99  -99  -99  -99  -99  -99  -99  -99  -99  -99  -99  -99  -99  -99  -99  -99  -99  -99  -99  -99  -99  -99  -99  -99  -99  -99  -99  -99 
   14  -99  -99  -99  -99  -99  -99  -99  -99  -99  -99  -99  -99   42  159  324  480  618  722  767  798  800  806  808  810  810  763  717  614  516  493  444  357  249   38  -99  -99  -99  -99  -99  -99  -99  -99  -99  -99  -99  -99  -99  -99  -99  -99  -99  -99  -99  -99  -99  -99  -99  -99  -99  -99  -99  -99  -99  -99  -99  -99  -99  -99  -99  -99  -99  -99  -99  -99  -99  -99  -99  -99  -99  -99  -99  -99  -99  -99  -99  -99  -99  -99  -99  -99  -99  -99  -99  -99  -99  -99  -99  -99  -99  -99  -99  -99  -99  -99 
   13  -99  -99  -99  -99  -99  -99  -99  -99  -99  -99  -99  -99   70  267  425  504  578  708  745  761  762  761  761  761  741  717  647  546  501  475  390  303  224   37   11  -99  -99  -99  -99  -99  -99  -99  -99  -99  -99  -99  -99  -99  -99  -99  -99  -99  -99  -99  -99  -99  -99  -99  -99  -99  -99  -99  -99  -99  -99  -99  -99  -99  -99  -99  -99  -99  -99  -99  -99  -99  -99  -99  -99  -99  -99  -99  -99  -99  -99  -99  -99  -99  -99  -99  -99  -99  -99  -99  -99  -99  -99  -99  -99  -99  -99  -99  -99  -99 
   12  -99  -99  -99  -99  -99  -99  -99  -99  -99  -99  -99  -99  164  385  478  507  567  665  722  701  701  700  702  711  695  673  594  517  487  448  336  226  144   65  -99  -99  -99  -99  -99  -99  -99  -99  -99  -99  -99  -99  -99  -99  -99  -99  -99  -99  -99  -99  -99  -99  -99  -99  -99  -99  -99  -99  -99  -99  -99  -99  -99  -99  -99  -99  -99  -99  -99  -99  -99  -99  -99  -99  -99  -99  -99  -99  -99  -99  -99  -99  -99  -99  -99  -99  -99  -99  -99  -99  -99  -99  -99  -99  -99  -99  -99  -99  -99  -99 
   11  -99  -99  -99  -99  -99  -99  -99  -99  -99  -99  -99  -99   49  392  477  514  588  649  661  641  639  637  640  654  656  638  577  504  472  419  323  225  146   66  -99  -99  -99  -99  -99  -99  -99  -99  -99  -99  -99  -99  -99  -99  -99  -99  -99  -99  -99  -99  -99  -99  -99  -99  -99  -99  -99  -99  -99  -99  -99  -99  -99  -99  -99  -99  -99  -99  -99  -99  -99  -99  -99  -99  -99  -99  -99  -99  -99  -99  -99  -99  -99  -99  -99  -99  -99  -99  -99  -99  -99  -99  -99  -99  -99  -99  -99  -99  -99  -99 
   10  -99  -99  -99  -99  -99  -99  -99  -99  -99  -99  -99  -99  118  412  473  501  537  567  572  572  572  565  579  594  598  560  510  488  451  405  306  178  142   53  -99  -99  -99  -99  -99  -99  -99  -99  -99  -99  -99  -99  -99  -99  -99  -99  -99  -99  -99  -99  -99  -99  -99  -99  -99  -99  -99  -99  -99  -99  -99  -99  -99  -99  -99  -99  -99  -99  -99  -99  -99  -99  -99  -99  -99  -99  -99  -99  -99  -99  -99  -99  -99  -99  -99  -99  -99  -99  -99  -99  -99  -99  -99  -99  -99  -99  -99  -99  -99  -99 
    9  -99  -99  -99  -99  -99  -99  -99  -99  -99  -99  -99  -99  114  388  451  469  475  473  435  422  439  465  488  520  505  478  423  420  394  329  254  111   81   42  -99  -99  -99  -99  -99  -99  -99  -99  -99  -99  -99  -99  -99  -99  -99  -99  -99  -99  -99  -99  -99  -99  -99  -99  -99  -99  -99  -99  -99  -99  -99  -99  -99  -99  -99  -99  -99  -99  -99  -99  -99  -99  -99  -99  -99  -99  -99  -99  -99  -99  -99  -99  -99  -99  -99  -99  -99  -99  -99  -99  -99  -99  -99  -99  -99  -99  -99  -99  -99  -99 
    8  -99  -99  -99  -99  -99  -99  -99  -99  -99  -99  -99  -99  105  346  439  451  431  284  198  142  216  332  397  446  404  362  312  281  246  136   97   14    5  -99  -99  -99  -99  -99  -99  -99  -99  -99  -99  -99  -99  -99  -99  -99  -99  -99  -99  -99  -99  -99  -99  -99  -99  -99  -99  -99  -99  -99  -99  -99  -99  -99  -99  -99  -99  -99  -99  -99  -99  -99  -99  -99  -99  -99  -99  -99  -99  -99  -99  -99  -99  -99  -99  -99  -99  -99  -99  -99  -99  -99  -99  -99  -99  -99  -99  -99  -99  -99  -99  -99 
    7  -99  -99  -99  -99  -99  -99  -99  -99  -99  -99  -99  -99  181  398  424  420  406  171  -99    9   91   85  127   80    8  -99  -99   30   15  -99  -99  -99  -99  -99  -99  -99  -99  -99  -99  -99  -99  -99  -99  -99  -99  -99  -99  -99  -99  -99  -99  -99  -99  -99  -99  -99  -99  -99  -99  -99  -99  -99  -99  -99  -99  -99  -99  -99  -99  -99  -99  -99  -99  -99  -99  -99  -99  -99  -99  -99  -99  -99  -99  -99  -99  -99  -99  -99  -99  -99  -99  -99  -99  -99  -99  -99  -99  -99  -99  -99  -99  -99  -99  -99 
    6  -99  -99  -99  -99  -99  -99  -99  -99  -99  -99  -99   48  305  396  416  416  326    3  -99  -99  -99  -99  -99  -99  -99  -99  -99  -99  -99  -99  -99  -99  -99  -99  -99  -99  -99  -99  -99  -99  -99  -99  -99  -99  -99  -99  -99  -99  -99  -99  -99  -99  -99  -99  -99  -99  -99  -99  -99  -99  -99  -99  -99  -99  -99  -99  -99  -99  -99  -99  -99  -99  -99  -99  -99  -99  -99  -99  -99  -99  -99  -99  -99  -99  -99  -99  -99  -99  -99  -99  -99  -99  -99  -99  -99  -99  -99  -99  -99  -99  -99  -99  -99  -99 
    5  -99  -99  -99  -99  -99  -99  -99  -99  -99  -99  -99   22  190  289  340  371  216  -99  -99  -99  -99  -99  -99  -99  -99  -99  -99  -99  -99  -99  -99  -99  -99  -99  -99  -99  -99  -99  -99  -99  -99  -99  -99  -99  -99  -99  -99  -99  -99  -99  -99  -99  -99  -99  -99  -99  -99  -99  -99  -99  -99  -99  -99  -99  -99  -99  -99  -99  -99  -99  -99  -99  -99  -99  -99  -99  -99  -99  -99  -99  -99  -99  -99  -99  -99  -99  -99  -99  -99  -99  -99  -99  -99  -99  -99  -99  -99  -99  -99  -99  -99  -99  -99  -99 
    4  -99  -99  -99  -99  -99  -99  -99  -99  -99  -99  -99  -99   53  154  200  217  108  -99  -99  -99  -99  -99  -99  -99  -99  -99  -99  -99  -99  -99  -99  -99  -99  -99  -99  -99  -99  -99  -99  -99  -99  -99  -99  -99  -99  -99  -99  -99  -99  -99  -99  -99  -99  -99  -99  -99  -99  -99  -99  -99  -99  -99  -99  -99  -99  -99  -99  -99  -99  -99  -99  -99  -99  -99  -99  -99  -99  -99  -99  -99  -99  -99  -99  -99  -99  -99  -99  -99  -99  -99  -99  -99  -99  -99  -99  -99  -99  -99  -99  -99  -99  -99  -99  -99 
    3  -99  -99  -99  -99  -99  -99  -99  -99  -99  -99  -99  -99  -99   46   82   85    2  -99  -99  -99  -99  -99  -99  -99  -99  -99  -99  -99  -99  -99  -99  -99  -99  -99  -99  -99  -99  -99  -99  -99  -99  -99  -99  -99  -99  -99  -99  -99  -99  -99  -99  -99  -99  -99  -99  -99  -99  -99  -99  -99  -99  -99  -99  -99  -99  -99  -99  -99  -99  -99  -99  -99  -99  -99  -99  -99  -99  -99  -99  -99  -99  -99  -99  -99  -99  -99  -99  -99  -99  -99  -99  -99  -99  -99  -99  -99  -99  -99  -99  -99  -99  -99  -99  -99 
    2  -99  -99  -99  -99  -99  -99  -99  -99  -99  -99  -99  -99  -99  -99  -99  -99  -99  -99  -99  -99  -99  -99  -99  -99  -99  -99  -99  -99  -99  -99  -99  -99  -99  -99  -99  -99  -99  -99  -99  -99  -99  -99  -99  -99  -99  -99  -99  -99  -99  -99  -99  -99  -99  -99  -99  -99  -99  -99  -99  -99  -99  -99  -99  -99  -99  -99  -99  -99  -99  -99  -99  -99  -99  -99  -99  -99  -99  -99  -99  -99  -99  -99  -99  -99  -99  -99  -99  -99  -99  -99  -99  -99  -99  -99  -99  -99  -99  -99  -99  -99  -99  -99  -99  -99 
