Surface boundary condition file for si3d model 
Llanquihue simulations 
Time is in given in hours from 00:00 hrs on julian day 121,0 
   Time in   // Data format is (10X,G11.2,...) Time attc Hsw Ta Pa hr Qlw cw ua va 
   60-min    // SOURCE = XXXXXXX 
 intervals  (Note : file prepared on 2023-01-20) 
   npts = 121 
    0.0000     0.0850     0.0000     9.4584 102453.270     0.9300   262.6014     0.0013     0.0010     0.0010
    1.0000     0.0850     0.0000     7.6416 102448.800     0.9020   252.6341     0.0013     0.0010     0.0010
    2.0000     0.0850     0.0000     8.4907 102448.800     0.9190   257.2523     0.0013     0.0010     0.0010
    3.0000     0.0850     0.0000     9.4263 102438.800     0.8940   262.4224     0.0013     0.0010     0.0010
    4.0000     0.0850     0.0000     9.5869 102428.800     0.8758   263.3184     0.0013     0.0010     0.0010
    5.0000     0.0850     0.0000     9.6092 102393.800     0.8774   263.4433     0.0013     0.0010     0.0010
    6.0000     0.0850     0.0000     9.5038 102373.800     0.8742   262.8545     0.0013     0.0010     0.0010
    7.0000     0.0850     2.5039     9.3474 102352.550     0.8651   306.5203     0.0013     0.0010     0.0010
    8.0000     0.0850    13.2525     8.6724 102326.300     0.8976   302.1520     0.0013     0.0010     0.0010
    9.0000     0.0850    20.8650     8.6370 102305.050     0.9097   258.0552     0.0013     0.0010     0.0010
   10.0000     0.0850    28.4232     8.9886 102288.800     0.9158   259.9931     0.0013     0.0010     0.0010
   11.0000     0.0850    35.8974     9.4069 102283.800     0.8912   273.4497     0.0013     0.0010     0.0010
   12.0000     0.0850    51.6406     9.4520 102293.800     0.9061   262.5659     0.0013     0.0010     0.0010
   13.0000     0.0850    99.4998     9.8865 102313.800     0.8956   264.9968     0.0013     0.0010     0.0010
   14.0000     0.0850   196.7853    10.6427 102328.800     0.8658   269.2737     0.0013     0.0010     0.0010
   15.0000     0.0850   364.1599    11.8607 102349.600     0.7865   276.2819     0.0013     0.0010     0.0010
   16.0000     0.0850   332.3406    13.2973 102354.917     0.7375   284.7435     0.0013     0.0010     0.0010
   17.0000     0.0850    85.4853    13.5963 102314.880     0.7753   286.5313     0.0013     0.0010     0.0010
   18.0000     0.0850     0.0000    13.9119 102262.155     0.7780   288.4289     0.0013     0.0010     0.0010
   19.0000     0.0850     0.0000    13.4987 102260.675     0.8035   285.9465     0.0013     0.0010     0.0010
   20.0000     0.0850     0.0000    13.4699 102269.298     0.8283   334.3558     0.0013     0.0010     0.0010
   21.0000     0.0850     0.0000    13.8061 102322.392     0.8290   336.7157     0.0013     0.0010     0.0010
   22.0000     0.0850     0.0000    12.1713 102365.401     0.8712   325.3694     0.0013     0.0010     0.0010
   23.0000     0.0850     0.0000    10.8433 102396.879     0.8792   270.4173     0.0013     0.0010     0.0010
   24.0000     0.0850     0.0000     9.8174 102456.045     0.9053   264.6092     0.0013     0.0010     0.0010
   25.0000     0.0850     0.0000     9.2875 102514.620     0.9287   261.6502     0.0013     0.0010     0.0010
   26.0000     0.0850     0.0000     8.4820 102544.136     0.9428   257.2048     0.0013     0.0010     0.0010
   27.0000     0.0850     0.0000     8.6423 102589.729     0.9422   258.0844     0.0013     0.0010     0.0010
   28.0000     0.0850     0.0000     8.9279 102608.695     0.9360   259.6575     0.0013     0.0010     0.0010
   29.0000     0.0850     0.0000     8.4004 102626.190     0.9383   256.7581     0.0013     0.0010     0.0010
   30.0000     0.0850     0.0000     8.0891 102663.060     0.9497   255.0595     0.0013     0.0010     0.0010
   31.0000     0.0850     0.0000     8.5771 102665.084     0.9549   257.7262     0.0013     0.0010     0.0010
   32.0000     0.0850     0.0000     8.9261 102679.760     0.9600   259.6479     0.0013     0.0010     0.0010
   33.0000     0.0850     0.0000     8.5649 102697.956     0.9728   301.4613     0.0013     0.0010     0.0010
   34.0000     0.0850     0.0941     8.4913 102747.016     0.9972   300.9891     0.0013     0.0010     0.0010
   35.0000     0.0850     0.0949     8.3386 102775.203     0.9980   300.0112     0.0013     0.0010     0.0010
   36.0000     0.0850     9.8651     8.3933 102778.511     0.9978   300.3612     0.0013     0.0010     0.0010
   37.0000     0.0850    92.2673     8.7482 102841.706     0.9972   258.6670     0.0013     0.0010     0.0010
   38.0000     0.0850   229.4758     9.7707 102851.177     0.9742   264.3474     0.0013     0.0010     0.0010
   39.0000     0.0850   407.3599    11.2839 102864.975     0.8658   272.9445     0.0013     0.0010     0.0010
   40.0000     0.0850   407.8794    12.5027 102848.316     0.7978   280.0373     0.0013     0.0010     0.0010
   41.0000     0.0850    97.0945    13.3553 102797.870     0.7647   285.0898     0.0013     0.0010     0.0010
   42.0000     0.0850     0.0000    13.9330 102720.935     0.7532   288.5558     0.0013     0.0010     0.0010
   43.0000     0.0850     0.0000    14.2385 102705.393     0.7215   290.4030     0.0013     0.0010     0.0010
   44.0000     0.0850     0.0000    13.1178 102705.557     0.7665   331.8991     0.0013     0.0010     0.0010
   45.0000     0.0850     0.0000    11.9742 102708.273     0.7905   324.0230     0.0013     0.0010     0.0010
   46.0000     0.0850     0.0000    10.3400 102731.909     0.8490   313.0391     0.0013     0.0010     0.0010
   47.0000     0.0850     0.0000     9.7271 102760.160     0.8675   264.1029     0.0013     0.0010     0.0010
   48.0000     0.0850     0.0000     9.4173 102810.908     0.8900   262.3721     0.0013     0.0010     0.0010
   49.0000     0.0850     0.0000     9.0366 102819.645     0.8920   260.2583     0.0013     0.0010     0.0010
   50.0000     0.0850     0.0000     9.0998 102804.239     0.8847   260.6085     0.0013     0.0010     0.0010
   51.0000     0.0850     0.0000     9.0661 102761.666     0.8838   260.4219     0.0013     0.0010     0.0010
   52.0000     0.0850     0.0000     9.0607 102727.769     0.8932   260.3919     0.0013     0.0010     0.0010
   53.0000     0.0850     0.0000     9.1789 102710.382     0.8990   261.0470     0.0013     0.0010     0.0010
   54.0000     0.0850     0.0000     9.1289 102643.558     0.9245   260.7695     0.0013     0.0010     0.0010
   55.0000     0.0850     0.0000     9.1727 102630.503     0.9325   261.0127     0.0013     0.0010     0.0010
   56.0000     0.0850     0.0000     9.1442 102579.932     0.9405   260.8543     0.0013     0.0010     0.0010
   57.0000     0.0850     0.0000     9.2987 102538.247     0.9447   306.2033     0.0013     0.0010     0.0010
   58.0000     0.0850     0.0470     9.5198 102536.860     0.9505   307.6441     0.0013     0.0010     0.0010
   59.0000     0.0850     0.0474     9.5345 102534.671     0.9520   307.7401     0.0013     0.0010     0.0010
   60.0000     0.0850     5.7973     9.5807 102545.581     0.9478   308.0425     0.0013     0.0010     0.0010
   61.0000     0.0850    49.1170    10.0053 102644.551     0.9472   286.5222     0.0013     0.0010     0.0010
   62.0000     0.0850   125.1735    10.3623 102731.196     0.9533   267.6810     0.0013     0.0010     0.0010
   63.0000     0.0850   309.9391    11.2472 102743.559     0.9108   272.7333     0.0013     0.0010     0.0010
   64.0000     0.0850   311.5847    12.0297 102679.495     0.8792   277.2666     0.0013     0.0010     0.0010
   65.0000     0.0850    28.5585    12.5652 102526.390     0.8722   280.4052     0.0013     0.0010     0.0010
   66.0000     0.0850     0.0000    13.0909 102452.696     0.8733   283.5147     0.0013     0.0010     0.0010
   67.0000     0.0850     0.0000    13.6657 102401.918     0.8307   286.9474     0.0013     0.0010     0.0010
   68.0000     0.0850     0.0000    13.7904 102350.736     0.8375   336.6055     0.0013     0.0010     0.0010
   69.0000     0.0850     0.0000    13.6301 102339.428     0.8603   335.4790     0.0013     0.0010     0.0010
   70.0000     0.0850     0.0000    13.4955 102330.137     0.8860   334.5356     0.0013     0.0010     0.0010
   71.0000     0.0850     0.0000    12.9807 102298.567     0.9062   282.8603     0.0013     0.0010     0.0010
   72.0000     0.0850     0.0000    12.6805 102299.510     0.9075   281.0843     0.0013    -2.2034    -1.7277
   73.0000     0.0850     0.0000    13.0431 102298.800     0.9178   283.2307     0.0013    -0.7289    -1.4243
   74.0000     0.0850     0.0000    12.8328 102293.800     0.9308   281.9846     0.0013    -4.4609    -3.5483
   75.0000     0.0850     0.0000    12.5658 102283.800     0.9445   280.4088     0.0013    -3.3810    -2.1374
   76.0000     0.0850     0.0000    12.4102 102283.800     0.9520   279.4936     0.0013    -1.3724    -0.6053
   77.0000     0.0850     0.0000    12.1991 102243.800     0.9645   278.2563     0.0013    -1.9480    -2.5387
   78.0000     0.0850     0.0000    12.0707 102203.800     0.9688   277.5055     0.0013     0.0192    -2.1999
   79.0000     0.0850     0.0044    12.2330 102163.800     0.9678   278.4545     0.0013    -0.9818    -0.4960
   80.0000     0.0850     0.0424    12.3125 102108.800     0.9647   278.9203     0.0013     0.1724    -3.7961
   81.0000     0.0850     0.0460    12.3483 102053.800     0.9595   326.5824     0.0013     1.2174    -2.4100
   82.0000     0.0850     0.0470    12.3715 102023.800     0.9610   326.7415     0.0013    -0.6552    -3.6415
   83.0000     0.0850     0.0474    12.2023 102003.800     0.9685   325.5817     0.0013    -0.5364    -2.9517
   84.0000     0.0850     6.4593    12.3192 101993.800     0.9680   326.3827     0.0013    -1.1907    -3.1847
   85.0000     0.0850    46.9590    12.6895 102028.800     0.9665   305.4320     0.0013    -1.6566    -1.8724
   86.0000     0.0850   150.0508    13.3661 102048.800     0.9467   285.1539     0.0013    -1.1927    -1.3481
   87.0000     0.0850   206.2603    14.3372 102058.800     0.9130   291.0019     0.0013    -0.9000    -3.6919
   88.0000     0.0850   220.4535    14.7461 102043.800     0.9185   293.4944     0.0013    -1.7840    -3.3552
   89.0000     0.0850    20.1306    15.9848 102003.800     0.8770   301.1529     0.0013    -0.3677    -2.2704
   90.0000     0.0850     0.0000    16.0979 101958.800     0.8703   301.8599     0.0013    -1.9038    -1.6203
   91.0000     0.0850     0.0000    16.0099 101923.800     0.9128   301.3095     0.0013    -1.2468    -2.0507
   92.0000     0.0850     0.0000    15.2829 101923.800     0.9355   347.2479     0.0013    -1.4052    -2.0677
   93.0000     0.0850     0.0000    14.8222 101923.800     0.9478   343.9330     0.0013    -0.1994    -0.8776
   94.0000     0.0850     0.0000    14.2815 101928.800     0.9578   340.0772     0.0013    -0.0000    -0.0000
   95.0000     0.0850     0.0000    13.5709 101983.800     0.9657   286.3792     0.0013    -0.0000    -0.0000
   96.0000     0.0850     0.0000    12.1900 101998.800     0.9715   278.2028     0.0013    -0.0000    -0.0000
   97.0000     0.0850     0.0000    11.6306 102008.800     0.9745   274.9467     0.0013     1.1457     0.3568
   98.0000     0.0850     0.0000    10.8483 102028.800     0.9892   270.4458     0.0013    -0.0000    -0.0000
   99.0000     0.0850     0.0000    10.8859 102043.800     0.9928   270.6608     0.0013    -0.0000    -0.0000
  100.0000     0.0850     0.0000    11.0627 102058.800     0.9900   271.6735     0.0013    -0.0000    -0.0000
  101.0000     0.0850     0.0000    11.5614 102048.800     0.9930   274.5462     0.0013    -0.9177    -1.3106
  102.0000     0.0850     0.0000    11.9980 102028.800     0.9933   277.0815     0.0013    -0.0000    -0.0000
  103.0000     0.0850     0.0000    11.9176 102008.800     0.9934   276.6135     0.0013     0.8966    -0.0784
  104.0000     0.0850     0.0846    12.1445 101998.800     0.9933   277.9370     0.0013    -0.7215     0.3457
  105.0000     0.0850     0.0911    12.2900 101998.800     0.9925   278.7881     0.0013    -0.0000    -0.0000
  106.0000     0.0850     0.1408    12.1973 102008.800     0.9910   325.5472     0.0013     0.8554     0.5180
  107.0000     0.0850     0.1421    12.0873 102053.800     0.9883   324.7952     0.0013     1.1825     0.2043
  108.0000     0.0850    11.6777    11.9606 102088.800     0.9858   323.9307     0.0013    -0.0000    -0.0000
  109.0000     0.0850    83.6453    12.6291 102148.800     0.9860   280.7816     0.0013    -1.5840    -1.8030
  110.0000     0.0850   223.8697    13.8531 102183.800     0.9460   288.0742     0.0013    -1.8795    -2.2085
  111.0000     0.0850   216.3908    14.6634 102198.800     0.9040   292.9886     0.0013    -1.3436    -2.5700
  112.0000     0.0850   103.4356    14.8487 102218.800     0.8882   294.1225     0.0013    -0.4598    -1.7403
  113.0000     0.0850     0.0000    14.9352 102203.800     0.8668   294.6528     0.0013    -0.1836    -2.6937
  114.0000     0.0850     0.0000    15.1412 102203.800     0.8708   295.9195     0.0013    -0.6125    -1.3693
  115.0000     0.0850     0.0000    14.7340 102188.800     0.8882   293.4202     0.0013    -1.7984    -0.0754
  116.0000     0.0850     0.0000    14.9639 102203.800     0.8688   344.9496     0.0013    -1.9833     0.2576
  117.0000     0.0850     0.0000    14.7681 102253.800     0.8647   343.5460     0.0013    -1.0654    -0.2736
  118.0000     0.0850     0.0000    14.2690 102283.800     0.9000   339.9881     0.0013    -1.8506     0.4306
  119.0000     0.0850     0.0000    13.8602 102293.800     0.9120   288.1170     0.0013    -0.7412     0.3010
  120.0000     0.0850     0.0000    13.6054 102318.800     0.9160   286.5861     0.0013    -1.1616    -3.3546
