Depths to top of layers in Si3D Grid for Lake Llanquihue
** used if ibathyf in si3d_inp.txt is set to < 0       
------------------------------------------------------ 
   km1   =        66 
      1.00  -100.0000 
      2.00  -100.0000 
      3.00     0.0000 
      4.00     0.5079 
      5.00     1.0399 
      6.00     1.6055 
      7.00     2.2067 
      8.00     2.8458 
      9.00     3.5252 
     10.00     4.2475 
     11.00     5.0152 
     12.00     5.8314 
     13.00     6.6991 
     14.00     7.6214 
     15.00     8.6019 
     16.00     9.6442 
     17.00    10.7522 
     18.00    11.9301 
     19.00    13.1822 
     20.00    14.5133 
     21.00    15.9283 
     22.00    17.4325 
     23.00    19.0315 
     24.00    20.7314 
     25.00    22.5384 
     26.00    24.4593 
     27.00    26.5013 
     28.00    28.6721 
     29.00    30.9797 
     30.00    33.4329 
     31.00    36.0406 
     32.00    38.8128 
     33.00    41.7598 
     34.00    44.8925 
     35.00    48.2228 
     36.00    51.7630 
     37.00    55.5264 
     38.00    59.5270 
     39.00    63.7799 
     40.00    68.3009 
     41.00    73.1069 
     42.00    78.2159 
     43.00    83.6471 
     44.00    89.4206 
     45.00    95.5581 
     46.00   102.0826 
     47.00   109.0183 
     48.00   116.3914 
     49.00   124.2293 
     50.00   132.5613 
     51.00   141.4186 
     52.00   150.8344 
     53.00   160.6861 
     54.00   170.6861 
     55.00   180.6861 
     56.00   190.6861 
     57.00   200.6861 
     58.00   210.6861 
     59.00   220.6861 
     60.00   230.6861 
     61.00   240.6861 
     62.00   250.6861 
     63.00   260.6861 
     64.00   270.6861 
     65.00   280.6861 
     66.00   290.6861 
