Initial condition file for Si3D model  - 
Data from Lago Llanquihue database          - 
Simulations starting on May 1, 00 h - 
Depths (m)   Temp (oC)                 - 
Source: N/A           - 
---------------------------------------- 
     -0.25    15.0000     0.0000     0.0000     0.0000     0.0000     0.0000     0.0000 
     -0.25    15.0000     0.0000     0.0000     0.0000     0.0000     0.0000     0.0000 
     -0.77    15.0000     0.0000     0.0000     0.0000     0.0000     0.0000     0.0000 
     -1.31    14.9337     0.0000     0.0000     0.0000     0.0000     0.0000     0.0000 
     -1.90    14.9337     0.0000     0.0000     0.0000     0.0000     0.0000     0.0000 
     -2.52    14.8670     0.0000     0.0000     0.0000     0.0000     0.0000     0.0000 
     -3.18    14.7960     0.0000     0.0000     0.0000     0.0000     0.0000     0.0000 
     -3.88    14.7206     0.0000     0.0000     0.0000     0.0000     0.0000     0.0000 
     -4.62    14.5552     0.0000     0.0000     0.0000     0.0000     0.0000     0.0000 
     -5.41    14.5552     0.0000     0.0000     0.0000     0.0000     0.0000     0.0000 
     -6.25    14.4646     0.0000     0.0000     0.0000     0.0000     0.0000     0.0000 
     -7.15    14.3683     0.0000     0.0000     0.0000     0.0000     0.0000     0.0000 
     -8.10    14.2659     0.0000     0.0000     0.0000     0.0000     0.0000     0.0000 
     -9.11    14.1571     0.0000     0.0000     0.0000     0.0000     0.0000     0.0000 
    -10.18    14.0414     0.0000     0.0000     0.0000     0.0000     0.0000     0.0000 
    -11.32    13.9265     0.0000     0.0000     0.0000     0.0000     0.0000     0.0000 
    -12.54    13.8088     0.0000     0.0000     0.0000     0.0000     0.0000     0.0000 
    -13.83    13.5508     0.0000     0.0000     0.0000     0.0000     0.0000     0.0000 
    -15.20    13.5508     0.0000     0.0000     0.0000     0.0000     0.0000     0.0000 
    -16.66    13.4094     0.0000     0.0000     0.0000     0.0000     0.0000     0.0000 
    -18.21    13.2591     0.0000     0.0000     0.0000     0.0000     0.0000     0.0000 
    -19.86    13.0994     0.0000     0.0000     0.0000     0.0000     0.0000     0.0000 
    -21.61    12.4980     0.0000     0.0000     0.0000     0.0000     0.0000     0.0000 
    -23.47    12.4980     0.0000     0.0000     0.0000     0.0000     0.0000     0.0000 
    -25.45    12.1142     0.0000     0.0000     0.0000     0.0000     0.0000     0.0000 
    -27.55    11.7062     0.0000     0.0000     0.0000     0.0000     0.0000     0.0000 
    -29.79    11.2724     0.0000     0.0000     0.0000     0.0000     0.0000     0.0000 
    -32.17    10.8303     0.0000     0.0000     0.0000     0.0000     0.0000     0.0000 
    -34.70    10.8303     0.0000     0.0000     0.0000     0.0000     0.0000     0.0000 
    -37.38    10.5615     0.0000     0.0000     0.0000     0.0000     0.0000     0.0000 
    -40.24    10.5615     0.0000     0.0000     0.0000     0.0000     0.0000     0.0000 
    -43.28    10.2578     0.0000     0.0000     0.0000     0.0000     0.0000     0.0000 
    -46.51    10.2578     0.0000     0.0000     0.0000     0.0000     0.0000     0.0000 
    -49.94    10.0915     0.0000     0.0000     0.0000     0.0000     0.0000     0.0000 
    -53.59     9.9829     0.0000     0.0000     0.0000     0.0000     0.0000     0.0000 
    -57.47     9.9453     0.0000     0.0000     0.0000     0.0000     0.0000     0.0000 
    -61.59     9.8629     0.0000     0.0000     0.0000     0.0000     0.0000     0.0000 
    -65.97     9.8177     0.0000     0.0000     0.0000     0.0000     0.0000     0.0000 
    -70.63     9.8177     0.0000     0.0000     0.0000     0.0000     0.0000     0.0000 
    -75.58     9.7697     0.0000     0.0000     0.0000     0.0000     0.0000     0.0000 
    -80.85     9.7186     0.0000     0.0000     0.0000     0.0000     0.0000     0.0000 
    -86.45     9.6067     0.0000     0.0000     0.0000     0.0000     0.0000     0.0000 
    -92.40     9.6067     0.0000     0.0000     0.0000     0.0000     0.0000     0.0000 
    -98.72     9.5454     0.0000     0.0000     0.0000     0.0000     0.0000     0.0000 
   -105.44     9.4980     0.0000     0.0000     0.0000     0.0000     0.0000     0.0000 
   -112.59     9.4911     0.0000     0.0000     0.0000     0.0000     0.0000     0.0000 
   -120.19     9.4837     0.0000     0.0000     0.0000     0.0000     0.0000     0.0000 
   -128.27     9.4676     0.0000     0.0000     0.0000     0.0000     0.0000     0.0000 
   -136.85     9.4587     0.0000     0.0000     0.0000     0.0000     0.0000     0.0000 
   -145.98     9.4587     0.0000     0.0000     0.0000     0.0000     0.0000     0.0000 
   -155.69     9.4493     0.0000     0.0000     0.0000     0.0000     0.0000     0.0000 
   -165.69     9.4393     0.0000     0.0000     0.0000     0.0000     0.0000     0.0000 
   -175.69     9.4293     0.0000     0.0000     0.0000     0.0000     0.0000     0.0000 
   -185.69     9.4193     0.0000     0.0000     0.0000     0.0000     0.0000     0.0000 
   -195.69     9.4093     0.0000     0.0000     0.0000     0.0000     0.0000     0.0000 
   -205.69     9.4000     0.0000     0.0000     0.0000     0.0000     0.0000     0.0000 
   -215.69     9.4000     0.0000     0.0000     0.0000     0.0000     0.0000     0.0000 
   -225.69     9.4000     0.0000     0.0000     0.0000     0.0000     0.0000     0.0000 
   -235.69     9.4000     0.0000     0.0000     0.0000     0.0000     0.0000     0.0000 
   -245.69     9.4000     0.0000     0.0000     0.0000     0.0000     0.0000     0.0000 
   -255.69     9.3973     0.0000     0.0000     0.0000     0.0000     0.0000     0.0000 
   -265.69     9.3573     0.0000     0.0000     0.0000     0.0000     0.0000     0.0000 
   -275.69     9.3173     0.0000     0.0000     0.0000     0.0000     0.0000     0.0000 
   -285.69     9.2773     0.0000     0.0000     0.0000     0.0000     0.0000     0.0000 
   -295.69     9.2373     0.0000     0.0000     0.0000     0.0000     0.0000     0.0000 
   -295.69     9.2373     0.0000     0.0000     0.0000     0.0000     0.0000     0.0000 
